%% Question 2

f = [ 80 80 81 50 50 ; 80 80 82 49 48 ; 120 122 121 120 180; 78 80 82 24 27 ; 80 88 221 220 232]; 

